29
21
-10
4
16.0
26.0
1.071504674113801739e+05 3.342242265326325432e+05
1.429427585795349150e+05 1.055281034840557957e+06
1.906483288979166828e+05 3.334918449979411904e+06
2.542511176060202124e+05 1.054303945088446699e+07
3.390591466010176810e+05 3.333615234208382666e+07
4.521481677030943683e+05 1.054130145514369309e+08
6.029523812946424587e+05 3.333383462718169689e+08
8.040516714461742667e+05 1.054099238119532228e+09
1.072221119661592180e+06 3.333342247316636562e+09
1.429830396005135495e+06 1.054093742044982719e+10
1.906709788368675625e+06 3.333334918352833939e+10
2.542638542564541567e+06 1.054092764741165619e+11
3.390663089090003632e+06 3.333333615150796509e+11
4.521521953848653473e+06 1.054092590966215942e+12
6.029546462555570528e+06 3.333333383435599609e+12
8.040529451534116641e+06 1.054092560069548633e+13
1.072221835939911008e+07 3.333333342239757031e+13
1.429830798812746070e+07 1.054092554577048125e+14
1.906710014895370603e+07 3.333333334917989375e+14
2.542638669959426299e+07 1.054092553602585875e+15
3.390663160764095187e+07 3.333333333729358000e+15
1.428555337784612202e+05 1.057848568377098767e+06
1.905992951948914269e+05 3.338344623119267169e+06
2.542235476722498133e+05 1.054760960151307471e+07
3.390436436770725995e+05 3.334224741414253041e+07
4.521394500312923337e+05 1.054211429127659947e+08
6.029474788859350374e+05 3.333491855075263977e+08
8.040489145715718623e+05 1.054113692288494229e+09
1.072219569315405563e+06 3.333361521779343605e+09
1.429829524149824865e+06 1.054096312244833183e+10
1.906709298064022791e+06 3.333338345600081635e+10
2.542638266827251762e+06 1.054093221740951538e+11
3.390662934017433319e+06 3.333334224514406128e+11
4.521521866634369828e+06 1.054092672216305664e+12
6.029546413503257558e+06 3.333333491766387207e+12
8.040529423943629488e+06 1.054092574512364258e+13
1.072221834387874231e+07 3.333333361493223828e+13
1.429830797939528711e+07 1.054092557143233125e+14
1.906710014403826371e+07 3.333333338336569375e+14
2.542638669681651145e+07 1.054092554056206625e+15
3.390663160579256713e+07 3.333333334221671500e+15
4.521521994054695964e+07 1.054092553508079800e+16
1.904441540788799757e+05 3.349167525006298907e+06
2.541363442287133075e+05 1.056205516322911344e+07
3.389946144768050872e+05 3.336151806118143722e+07
4.521118806489525014e+05 1.054468444468624294e+08
6.029319758520831820e+05 3.333834610337082744e+08
8.040401965458192863e+05 1.054159399938501954e+09
1.072214666737579275e+06 3.333422473386801720e+09
1.429826767183616757e+06 1.054104440162968254e+10
1.906707747701130109e+06 3.333349184316761398e+10
2.542637395029481500e+06 1.054094667166329498e+11
3.390662443853733130e+06 3.333336152351651611e+11
4.521521591137452982e+06 1.054092929430333008e+12
6.029546258794496767e+06 3.333333835241237793e+12
8.040529337253238074e+06 1.054092620477371289e+13
1.072221829556565545e+07 3.333333423331348438e+13
1.429830795284715667e+07 1.054092565572401562e+14
1.906710013003322482e+07 3.333333350223235625e+14
2.542638669054896012e+07 1.054092555907978000e+15
3.390663160654150695e+07 3.333333338371523500e+15
4.521521997113639116e+07 1.054092556874697000e+16
6.029546485012041032e+07 3.333333333831518000e+16
2.538603860029607022e+05 1.060767073071936332e+07
3.388395238321179640e+05 3.342242047641346231e+07
4.520246879849791876e+05 1.055280996115874350e+08
6.028829483074301388e+05 3.334918381107315421e+08
8.040126275954152225e+05 1.054303936263712883e+09
1.072199163020712323e+06 3.333615212429268837e+09
1.429818048500222852e+06 1.054130141641554451e+10
1.906702844528511167e+06 3.333383455831197739e+10
2.542634637496743817e+06 1.054099236894841156e+11
3.390660892912729178e+06 3.333342245138694458e+11
4.521520718701345846e+06 1.054093741657616821e+12
6.029545767870997079e+06 3.333334917663684570e+12
8.040529060801007785e+06 1.054092764618495703e+13
1.072221813961105049e+07 3.333333614932215625e+13
1.429830786448414437e+07 1.054092590927192344e+14
1.906710007938674837e+07 3.333333383365663125e+14
2.542638666043613851e+07 1.054092560056927375e+15
3.390663158531630039e+07 3.333333342216651500e+15
4.521521992901562899e+07 1.054092554572672200e+16
6.029546484518753737e+07 3.333333334908713200e+16
8.040529463889680803e+07 1.054092553600879840e+17
3.383486177830536035e+05 3.361464348038282245e+07
4.517488499631901504e+05 1.057848445994981825e+08
6.027278833885069471e+05 3.338344405383778214e+08
8.039254381067781942e+05 1.054760921426573992e+09
1.072150134683546145e+06 3.334224672545835495e+09
1.429790477523016511e+06 1.054211415587609673e+10
1.906687339621862862e+06 3.333491833299979019e+10
2.542625917897493578e+06 1.054113688416759949e+11
3.390655989090928808e+06 3.333361514895595093e+11
4.521517960755786858e+06 1.054096311021017090e+12
6.029544216719367541e+06 3.333338343424522461e+12
8.040528188339631073e+06 1.054093221354248828e+13
1.072221764885163307e+07 3.333334223827150391e+13
1.429830758840658516e+07 1.054092672094189531e+14
1.906709992405951396e+07 3.333333491549461250e+14
2.542638657303117588e+07 1.054092574473844000e+15
3.390663153612147272e+07 3.333333361424851000e+15
4.521521990131895244e+07 1.054092557131106200e+16
6.029546482958831638e+07 3.333333338315080800e+16
8.040529463007348776e+07 1.054092554052439200e+17
1.072221836587867439e+08 3.333333334250248320e+17
4.508754674869363080e+05 1.065946766799267828e+08
6.022372627797168680e+05 3.349166836492195725e+08
8.036496606013217242e+05 1.056205393731323481e+09
1.071995078719478333e+06 3.336151587828917503e+09
1.429703286939962534e+06 1.054468405745030403e+10
1.906638307972536189e+06 3.333834541350534821e+10
2.542598343906893861e+06 1.054159387489539642e+11
3.390640481798156630e+06 3.333422450850664673e+11
4.521509239355091937e+06 1.054104436040876343e+12
6.029539311544597149e+06 3.333349176619888184e+12
8.040525429373888299e+06 1.054094665678865820e+13
1.072221609693393856e+07 3.333336149321628125e+13
1.429830671537265554e+07 1.054092928766752344e+14
1.906709943287163973e+07 3.333333833656639375e+14
2.542638629663239792e+07 1.054092620064134750e+15
3.390663138055377454e+07 3.333333422166512000e+15
4.521521981373434514e+07 1.054092565221582200e+16
6.029546478025934100e+07 3.333333349086980400e+16
8.040529460227608681e+07 1.054092555485870560e+17
1.072221836428309232e+08 3.333333336121445120e+17
1.429830799093580544e+08 1.054092553779391744e+18
6.006831614793307381e+05 3.383274068081369996e+08
8.027769535954976454e+05 1.060766686369589925e+09
1.071504601210420486e+06 3.342241359378254414e+09
1.429427531130598625e+06 1.055280873688814926e+10
1.906483247989135096e+06 3.334918163377720642e+10
2.542511145325570833e+06 1.054303894124932861e+11
3.390591442966226023e+06 3.333615143593115234e+11
4.521481659753899090e+06 1.054130129403482422e+12
6.029523799993770197e+06 3.333383434075656250e+12
8.040516704751932062e+06 1.054099233027816992e+13
1.072221118933780678e+07 3.333342238266133984e+13
1.429830395459660143e+07 1.054093740436453438e+14
1.906709787959912419e+07 3.333334915494415625e+14
2.542638542258268595e+07 1.054092764233283750e+15
3.390663088860548288e+07 3.333333614248494000e+15
4.521521953676748276e+07 1.054092590805912400e+16
6.029546462426744401e+07 3.333333383150722000e+16
8.040529451437485218e+07 1.054092560018875840e+17
1.072221835932645351e+08 3.333333342149406720e+17
1.429830798807267845e+08 1.054092554560889344e+18
1.906710014902679324e+08 3.333333334965895168e+18
8.000109924850250827e+05 1.075125303067662954e+09
1.069952100215355866e+06 3.361462174757914543e+09
1.428555164914232446e+06 1.057848059075495720e+10
1.905992822328496259e+06 3.338343717056957245e+10
2.542235379531386774e+06 1.054760799009302826e+11
3.390436363899265882e+06 3.334224454877030029e+11
4.521394444291057065e+06 1.054211376888195679e+12
6.029474747900825925e+06 3.333491764503489258e+12
8.040489115012621507e+06 1.054113676188195703e+13
1.072219567014143616e+07 3.333361493162670703e+13
1.429829522425266542e+07 1.054096307159357656e+14
1.906709296771929786e+07 3.333338336564675625e+14
2.542638265859461576e+07 1.054093220136098750e+15
3.390662933292834461e+07 3.333334221665017000e+15
4.521521866092136502e+07 1.054092671710666600e+16
6.029546413097775728e+07 3.333333490869732400e+16
8.040529423640695214e+07 1.054092574353508800e+17
1.072221834365270287e+08 3.333333361212138240e+17
1.429830797922692299e+08 1.054092557093583360e+18
1.906710014391711950e+08 3.333333338249522688e+18
2.542638612919495106e+08 1.054092470443117158e+19
1.065027913451311411e+06 3.421875211287652016e+09
1.425793003036005655e+06 1.065945545656595612e+10
1.904441130804554792e+06 3.349164661581130981e+10
2.541363134838862810e+06 1.056205006758692474e+11
3.389945914187633432e+06 3.336150899592615967e+11
4.521118633720150217e+06 1.054468283374442627e+12
6.029319628940214403e+06 3.333834323802730957e+12
8.040401867974348366e+06 1.054159348819859375e+13
1.072214659398593940e+07 3.333422382125440234e+13
1.429826761644608527e+07 1.054104423829261719e+14
1.906707743498317152e+07 3.333349154927168125e+14
2.542637391809492186e+07 1.054094661826735000e+15
3.390662441344480217e+07 3.333336142484349500e+15
4.521521589125262201e+07 1.054092927553942600e+16
6.029546257105877995e+07 3.333333831507139600e+16
8.040529335739527643e+07 1.054092619683597440e+17
1.072221829408798516e+08 3.333333421493829120e+17
1.429830795125504136e+08 1.054092565102908672e+18
1.906710012811089754e+08 3.333333348745423360e+18
2.542638618355880976e+08 1.054092481083773338e+19
3.390649762259525061e+08 3.333288834219358208e+19
1.417023310465292307e+06 1.091344491868481636e+10
1.899525957601562142e+06 3.383267208485970688e+10
2.538602888091376051e+06 1.060765464002002258e+11
3.388394509599030018e+06 3.342239184049592285e+11
4.520246333501988091e+06 1.055280486792422119e+12
6.028829073487307876e+06 3.334917475489193359e+12
8.040125962394264527e+06 1.054303771845040234e+13
1.072199140008068085e+07 3.333614926268169531e+13
1.429818031254626065e+07 1.054130090787212969e+14
1.906702831607575342e+07 3.333383365477438125e+14
2.542634627818831801e+07 1.054099220846321875e+15
3.390660885666725039e+07 3.333342216644766000e+15
4.521520713278992474e+07 1.054093736601212800e+16
6.029545763816159219e+07 3.333334908697091200e+16
8.040529057771623135e+07 1.054092763029918240e+17
1.072221813735059500e+08 3.333333612121285760e+17
1.429830786280022860e+08 1.054092590430629120e+18
1.906710007813544869e+08 3.333333382426772992e+18
2.542638630039041638e+08 1.054092506678529434e+19
3.390649770494468808e+08 3.333288872703166874e+19
4.520817148754860163e+08 1.053569575808010977e+20
1.883899907225308008e+06 3.489939408931556702e+10
2.529854554399195593e+06 1.075121451199364624e+11
3.383483873326886911e+06 3.361455305957684326e+11
4.517486771903286688e+06 1.057846836387624268e+12
6.027277538646783680e+06 3.338341542330525879e+12
8.039253410141715780e+06 1.054760412370076953e+13
1.072150061911021918e+07 3.334223767668209375e+13
1.429790422987593710e+07 1.054211254775318594e+14
1.906687298762253672e+07 3.333491547578753125e+14
2.542625887293238938e+07 1.054113637667068000e+15
3.390655966177045554e+07 3.333361424790009000e+15
4.521517943608795106e+07 1.054096295031271200e+16
6.029544203896839917e+07 3.333338315069659600e+16
8.040528178759868443e+07 1.054093216330721600e+17
1.072221764170342833e+08 3.333334214938188800e+17
1.429830758308156431e+08 1.054092670523915904e+18
1.906709992010148764e+08 3.333333488760028160e+18
2.542638638297494948e+08 1.054092545786207027e+19
3.390649796558488607e+08 3.333288994524362752e+19
4.520817159378191233e+08 1.053569588284948316e+20
6.016577081255947351e+08 3.312187395493464637e+20
2.501993350418835878e+06 1.119859612759612579e+11
3.367908441771647893e+06 3.421853592555132446e+11
4.508749211042471230e+06 1.065941686869305542e+12
6.022368531793303788e+06 3.349157790347546387e+12
8.036493535643782467e+06 1.056203784531621289e+13
1.071994848590271920e+07 3.336148726777484375e+13
1.429703114483251981e+07 1.054467897244522812e+14
1.906638178762898967e+07 3.333833637845291250e+14
2.542598247127665207e+07 1.054159227006778375e+15
3.390640409338063747e+07 3.333422165913172500e+15
4.521509185131530464e+07 1.054104385476963600e+16
6.029539270996195823e+07 3.333349086954013200e+16
8.040525399080006778e+07 1.054094649793078560e+17
1.072221607432932109e+08 3.333336121212256640e+17
1.429830669853344262e+08 1.054092923801105280e+18
1.906709942035492361e+08 3.333333824896993792e+18
2.542638620362877548e+08 1.054092605653695693e+19
3.390649878567198515e+08 3.333289378485966848e+19
4.520817193063651919e+08 1.053569627826237112e+20
6.016577094584587812e+08 3.312187435801005916e+20
7.938838329253700972e+08 1.018852173440577044e+21
3.318188796095017344e+06 3.609127995246347046e+11
4.481008032359274104e+06 1.091332366343703979e+12
6.006818661167809740e+06 3.383245537730568359e+12
8.027759826215008274e+06 1.060761603371855273e+13
1.071503873465442471e+07 3.342232316291928125e+13
1.429426985767784901e+07 1.055279265991464062e+14
1.906482839390331134e+07 3.334915306489452500e+14
2.542510839282020181e+07 1.054303386652476875e+15
3.390591213827014714e+07 3.333614242555707500e+15
4.521481488283837587e+07 1.054129969507413000e+16
6.029523671768428385e+07 3.333383150528064400e+16
8.040516608954250813e+07 1.054099182792606880e+17
1.072221111785571873e+08 3.333342149376535040e+17
1.429830390134632885e+08 1.054093724733701632e+18
1.906709784001767337e+08 3.333334887813530112e+18
2.542638535712508857e+08 1.054092753707629363e+19
3.390650133714417219e+08 3.333290579595547443e+19
4.520817299568217993e+08 1.053569752853634089e+20
6.016577136877820492e+08 3.312187563584161710e+20
7.938838345054286718e+08 1.018852186275650339e+21
1.030628375721977234e+09 3.039916915456920781e+21
4.392179234716442414e+06 1.169521798674446289e+12
5.957383471548591740e+06 3.489871460248452148e+12
8.000079216738195159e+06 1.075109286543484375e+13
1.069949798744482547e+07 3.361433621250402344e+13
1.428553440274975076e+07 1.057842978362585156e+14
1.905991530203473568e+07 3.338334685232505000e+14
2.542234411729165539e+07 1.054759194426472750e+15
3.390435639294680953e+07 3.334221605687171000e+15
4.521393902054088563e+07 1.054210871263061800e+16
6.029474342416314781e+07 3.333490867855320800e+16
8.040488812073616683e+07 1.054113517331123200e+17
1.072219544409517795e+08 3.333361212069544960e+17
1.429829505586049557e+08 1.054096257502931072e+18
1.906709284255171716e+08 3.333338249036244480e+18
2.542638249142162204e+08 1.054093192483335373e+19
3.390650894184797406e+08 3.333294213957997773e+19
4.520817636179755926e+08 1.053570148090556580e+20
6.016577270619300604e+08 3.312187967667827507e+20
7.938838395170922279e+08 1.018852226943143510e+21
1.030628377503003836e+09 3.039916956520148894e+21
1.319757294814450264e+09 9.022105803482818675e+21
5.798444009427891113e+06 3.815151847214768555e+12
7.911923909378204495e+06 1.119821582085928125e+13
1.065020634439597838e+07 3.421785349354555469e+13
1.425787548741684854e+07 1.065929511645672188e+14
1.904437044552891329e+07 3.349136125100306250e+14
2.541360074302380905e+07 1.056199934478068375e+15
3.389943622759067267e+07 3.336141891069219000e+15
4.521116919006097317e+07 1.054466684553751000e+16
6.029318346681848913e+07 3.333831488432785200e+16
8.040400909995718300e+07 1.054158846475785440e+17
1.072214587916440070e+08 3.333421493235550080e+17
1.429826708394309878e+08 1.054104266802201856e+18
1.906707703916844726e+08 3.333348878140185600e+18
2.542637351554619372e+08 1.054094595256879104e+19
3.390652733818405271e+08 3.333303761794945843e+19
4.520818698784380555e+08 1.053571396593237852e+20
6.016577693526966572e+08 3.312189245459177800e+20
7.938838553653769493e+08 1.018852355545201115e+21
1.030628383142585635e+09 3.039917086468046062e+21
1.319757296796251535e+09 9.022105939548875784e+21
1.683092934952188969e+09 2.749092901919838018e+22
7.626981580451094545e+06 1.254466629267967969e+13
1.049285945614850335e+07 3.608915489693173438e+13
1.417006058581212536e+07 1.091294113876457500e+14
1.899513033909474686e+07 3.383177214407933125e+14
2.538593209105256572e+07 1.060749442651565750e+15
3.388387263188380748e+07 3.342210710645021500e+15
4.520240910998390615e+07 1.055275431941208400e+16
6.028825018592842668e+07 3.334908510067468800e+16
8.040122932986041903e+07 1.054302183354587680e+17
1.072198913961142153e+08 3.333612115397726720e+17
1.429817862862209678e+08 1.054129594227547392e+18
1.906702706439900100e+08 3.333382490203410944e+18
2.542634530107684433e+08 1.054099059045787853e+19
3.390655207864722610e+08 3.333323469944680038e+19
4.520822040525801778e+08 1.053575330907474821e+20
6.016579030677846670e+08 3.312193285854771282e+20
7.938839054816243649e+08 1.018852762219185570e+21
1.030628400976514578e+09 3.039917497399354851e+21
1.319757303066492319e+09 9.022106369923683975e+21
1.683092937137268782e+09 2.749092948730365713e+22
2.155593190794044971e+09 8.685911753648082466e+22
9.980750144029056653e+06 4.162315302648578125e+13
1.388887594278931990e+07 1.169403322987494062e+14
1.883859025568142906e+07 3.489657283384380625e+14
2.529823940246095136e+07 1.075070973382479375e+15
3.383460955515895039e+07 3.361365405776962500e+15
4.517469623431240767e+07 1.057830862177731200e+16
6.027264715571232140e+07 3.338313199230809200e+16
8.039243830174031854e+07 1.054755389732157120e+17
1.072149347082815021e+08 3.334214879377527040e+17
1.429789890482169688e+08 1.054209684550816256e+18
1.906686902946655452e+08 3.333488779746113536e+18
2.542625592306368351e+08 1.054113148560927334e+19
3.390654367931729555e+08 3.333356252351869747e+19
4.520832426322486401e+08 1.053587639464258765e+20
6.016583257114500999e+08 3.312206059354327613e+20
7.938840639588067532e+08 1.018854048220879782e+21
1.030628457372151494e+09 3.039918796877308887e+21
1.319757322894731760e+09 9.022107730892477694e+21
1.683092944049534559e+09 2.749093096777205993e+22
2.155593193073924065e+09 8.685911918831382141e+22
2.784741912832363605e+09 2.820161428411335322e+23
1.296566856957315840e+07 1.394533771155777344e+14
1.833530846567896754e+07 3.814493360582521250e+14
2.501896494497415796e+07 1.119701846070051875e+15
3.367835945378609002e+07 3.421570708847305500e+15
4.508694973123402148e+07 1.065891278366566400e+16
6.022327978020097315e+07 3.349068242216052000e+16
8.036463239823997021e+07 1.056187907691852000e+17
1.071992588063976914e+08 3.336120624274122240e+17
1.429701430547785461e+08 1.054462932147349888e+18
1.906636927095305920e+08 3.333824885581024256e+18
2.542597318960987628e+08 1.054157687912864973e+19
3.390638318201107383e+08 3.333413813219237069e+19
4.520863659049540162e+08 1.053625273136598057e+20
6.016596602310595512e+08 3.312246419361394196e+20
7.938845650733629465e+08 1.018858114817901330e+21
1.030628635713457584e+09 3.039922906233467568e+21
1.319757385599140882e+09 9.022112034716224848e+21
1.683092965909739733e+09 2.749093564955183232e+22
2.155593200292258739e+09 8.685912441348478206e+22
2.784741914841427326e+09 2.820161487725627577e+23
3.631807591467203617e+09 9.267261788447602335e+23
1.666515026092915982e+07 4.716553578031045000e+14
2.411630987385953963e+07 1.254102200870414500e+15
3.317959392763202265e+07 3.608247487659288000e+15
4.480836431947879493e+07 1.091174024868766800e+16
6.006690383238670230e+07 3.382963166494909600e+16
8.027664008635075390e+07 1.060711457255347840e+17
1.071496724517647922e+08 3.342143494177140480e+17
1.429421660467352569e+08 1.055263568347597824e+18
1.906478881143327653e+08 3.334887631639286784e+18
2.542507905529515445e+08 1.054298521813182464e+19
3.390587096104933619e+08 3.333599530722453914e+19
4.520946775631276369e+08 1.053733344148762132e+20
6.016638603150365353e+08 3.312373713899326669e+20
7.938861492665616274e+08 1.018870972882813846e+21
1.030629199637784004e+09 3.039935900777434317e+21
1.319757583877203226e+09 9.022125644304774857e+21
1.683093035030439615e+09 2.749095045409384536e+22
2.155593223103429317e+09 8.685914093411342955e+22
2.784741921086534500e+09 2.820161674794582053e+23
3.631807592205389977e+09 9.267262003234413803e+23
4.774657185972474098e+09 3.043903903873706108e+24
2.108496925325195864e+07 1.607266969402820750e+15
3.155640842964088917e+07 4.160310410216557000e+15
4.391636103688231856e+07 1.169031703041762800e+16
5.956977512046404183e+07 3.488986571471086000e+16
7.999776086288577318e+07 1.074951320854984640e+17
1.069927187014456987e+08 3.361153205448130560e+17
1.428536598621179461e+08 1.057793373850140800e+18
1.905979012822329402e+08 3.338247198773249024e+18
2.542225135120659173e+08 1.054743814793854362e+19
3.390428003686640263e+08 3.334192065443895296e+19
4.521068356158685088e+08 1.053969872799838044e+20
6.016769468717163801e+08 3.312772995306439311e+20
7.938911548066196442e+08 1.018911620283240546e+21
1.030630982832781911e+09 3.039976993286363546e+21
1.319758210927975178e+09 9.022168683157966029e+21
1.683093253647201300e+09 2.749099727313489940e+22
2.155593295288058281e+09 8.685919318626837044e+22
2.784741941045159340e+09 2.820162267328242023e+23
3.631807594819369793e+09 9.267262685604796065e+23
4.774657183358906746e+09 3.043903982573741947e+24
6.313135631818584442e+09 9.927814999758329879e+24
2.604973866257968172e+07 5.493496210528387000e+15
4.098807766343677789e+07 1.393440019629900200e+16
5.797158772502466291e+07 3.812433974002877600e+16
7.910964215731997788e+07 1.119328141501628480e+17
1.064949081776269078e+08 3.420903205351608320e+17
1.425734271564936638e+08 1.065772995318577664e+18
1.904397453073206842e+08 3.348859724454580736e+18
2.541330735061280429e+08 1.056151317475454157e+19
3.389921708073408008e+08 3.336055931446891315e+19
4.520982429324379563e+08 1.054359890282228285e+20
6.017166565987941027e+08 3.314008415943175700e+20
7.939069397372196913e+08 1.019040010203134689e+21
1.030636619302499771e+09 3.040106920684277465e+21
1.319760193470043659e+09 9.022304775759068135e+21
1.683093944814819336e+09 2.749114531682596159e+22
2.155593523395849705e+09 8.685935839246255391e+22
2.784742003867557526e+09 2.820164139737521544e+23
3.631807601920884609e+09 9.267264830326676746e+23
4.774657175316464424e+09 3.043904232052764933e+24
6.313135621997474670e+09 9.927815294036056490e+24
8.377717514543010712e+09 3.210226835883934616e+25
3.105819445201762766e+07 1.868200615665907200e+16
5.266936615137673914e+07 4.710658910866293600e+16
7.623942594794723392e+07 1.252967074128602080e+17
1.049059280398906469e+08 3.606172026517622400e+17
1.416837407870886028e+08 1.090802659631799168e+18
1.899387767439289391e+08 3.382305800919445504e+18
2.538500405183917284e+08 1.060595901561607782e+19
3.388318680599420071e+08 3.341941350393374310e+19
4.520152984668155313e+08 1.055203654472784773e+20
6.018266081740922928e+08 3.317674771050389176e+20
7.939564247741918564e+08 1.019444573571856466e+21
1.030654423048382163e+09 3.040517659382644736e+21
1.319766461373679161e+09 9.022735124716125684e+21
1.683096130415997267e+09 2.749161347676277781e+22
2.155594244833331585e+09 8.685988084183002094e+22
2.784742202747755527e+09 2.820170061832829555e+23
3.631807625262121677e+09 9.267271622500109632e+23
4.774657149883929253e+09 3.043905020974618141e+24
6.313135590940547943e+09 9.927816224625039967e+24
8.377717489220607758e+09 3.210226946571880565e+25
1.114134822547676086e+10 1.030322184977207554e+26
3.525567340270297974e+07 6.255342645657085600e+16
6.660558560794000328e+07 1.604147382036943680e+17
9.973572695595581830e+07 4.154100076159255040e+17
1.388352863423324525e+08 1.167884095611280640e+18
1.883462263908503354e+08 3.486928034102048256e+18
2.529530221482087374e+08 1.074587425288663859e+19
3.383244216131085157e+08 3.360515843754137190e+19
4.517298508976523876e+08 1.057674895279130870e+20
6.020130695635683537e+08 3.326587855490874737e+20
7.941086086377241611e+08 1.020709518232796922e+21
1.030710517046487927e+09 3.041815211355280507e+21
1.319786266211953640e+09 9.024095822988582060e+21
1.683103040186034918e+09 2.749309389367424110e+22
2.155596525993221283e+09 8.686153296368547502e+22
2.784742831627205372e+09 2.820188789121637102e+23
3.631807699067481041e+09 9.267293101219543400e+23
4.774657069458016396e+09 3.043907515767384181e+24
6.313135492729703903e+09 9.927819167405896676e+24
8.377717411174452782e+09 3.210227299799141416e+25
1.114134817197497368e+10 1.030322228185048937e+26
1.483466985939935112e+10 3.288684358764506005e+26
3.790396453742589056e+07 2.048182231543566400e+17
8.221446572650413215e+07 5.477454190348496000e+17
1.294874940782166570e+08 1.390077684232847360e+18
1.832271171113208532e+08 3.806126179605312000e+18
2.500965355455763936e+08 1.118192628902846054e+19
3.367149721596066952e+08 3.418899334679763354e+19
4.508187714619731903e+08 1.065421747212858327e+20
6.019046369060137272e+08 3.343492788926937825e+20
7.945474801649785042e+08 1.024567426214191170e+21
1.030885843608358741e+09 3.045905278142162928e+21
1.319848734582538605e+09 9.028396883236603560e+21
1.683124873722718477e+09 2.749777503477359129e+22
2.155603737396642685e+09 8.686675735012414010e+22
2.784744819968922138e+09 2.820248009781066942e+23
3.631807932399002552e+09 9.267361022834625175e+23
4.774656815116835594e+09 3.043915404988714968e+24
6.313135182156963348e+09 9.927828473293115805e+24
8.377717164407880783e+09 3.210228416861311663e+25
1.114134800232288170e+10 1.030322364645743721e+26
1.483466975132878685e+10 3.288684528658418332e+26
1.976568850688378525e+10 1.045863159659408594e+27
3.905043970937377214e+07 6.581115294670065920e+17
9.785865980016435683e+07 1.860342333499555840e+18
1.662540437304196954e+08 4.692723567293393920e+18
2.408668809860721529e+08 1.249528008005572608e+19
3.315780910177322030e+08 3.599949166822138266e+19
4.479239633520387411e+08 1.089706240294252380e+20
6.004638115900473595e+08 3.378982773841091625e+20
7.955404393022958040e+08 1.035432966856559952e+21
1.031419873333915949e+09 3.058708498780561342e+21
1.320044680021443605e+09 9.041979597532243689e+21
1.683193746770965338e+09 2.751257462121375675e+22
2.155626519284473419e+09 8.688327749507724870e+22
2.784751104160761356e+09 2.820435279682034939e+23
3.631808669643689156e+09 9.267575809109249292e+23
4.774656010699824333e+09 3.043940352869826508e+24
6.313134200014412880e+09 9.927857901079142913e+24
8.377716384060815811e+09 3.210231949325906498e+25
1.114134746616589355e+10 1.030322796296430172e+26
1.483466940819304276e+10 3.288685064668298653e+26
1.976568829727074432e+10 1.045863227405056677e+27
2.634563400925086975e+10 3.318357001536398913e+27
3.915291473753558099e+07 2.093461941289032960e+18
1.107520699251799434e+08 6.219926000653662208e+18
2.099222298125842512e+08 1.594784683251451494e+19
3.148690056736496091e+08 4.135555080024802918e+19
4.386558796533728838e+08 1.164503054334256579e+20
5.953057936109490395e+08 3.480625903950101217e+20
7.959300469697024822e+08 1.060372262905398952e+21
1.032910472520051599e+09 3.097915959656527692e+21
1.320648451090959072e+09 9.084748294481574363e+21
1.683409838743171692e+09 2.755934022459144221e+22
2.155698336311503410e+09 8.693551061795745458e+22
2.784770941557225704e+09 2.821027456458436987e+23
3.631810994874303818e+09 9.268255015717089942e+23
4.774653465717280388e+09 3.044019244734294451e+24
6.313131093956949234e+09 9.927950959797937293e+24
8.377713916331997871e+09 3.210243119956612079e+25
1.114134577068980598e+10 1.030324161301715956e+26
1.483466832410841751e+10 3.288686760585463007e+26
1.976568763174693680e+10 1.045863441067500363e+27
2.634563361301228714e+10 3.318357274877854356e+27
3.512330762514563751e+10 1.051389829336627561e+28
3.811874455961812288e+07 6.632447221575989248e+18
1.183813542498750389e+08 2.033992439396288512e+19
2.583622789986127913e+08 5.430136413319593984e+19
4.082539072712306380e+08 1.380225117253050368e+20
5.785343816025152206e+08 3.787907433779712492e+20
7.890749685710512400e+08 1.110913431715221340e+21
1.035838048652113080e+09 3.210076748552011252e+21
1.322402407070470810e+09 9.218180372375279763e+21
1.684076233326574087e+09 2.770687861150794436e+22
2.155923188322716713e+09 8.710060461777009770e+22
2.784833323385488987e+09 2.822899857227004919e+23
3.631818286486069679e+09 9.270402783145050778e+23
4.774645405850532532e+09 3.044268720074108294e+24
6.313121269243426323e+09 9.928245236207409227e+24
8.377706112137127876e+09 3.210278444538575727e+25
1.114134040899993134e+10 1.030328477824412573e+26
1.483466489593323326e+10 3.288692123562826142e+26
1.976568552912429810e+10 1.045864117143656086e+27
2.634563235579802322e+10 3.318358137137247919e+27
3.512330688899962616e+10 1.051389940706846434e+28
4.683086235510596466e+10 3.328482365087510269e+28
3.425021005874361098e+07 2.097706770680832000e+19
1.201890044687201381e+08 6.529632931077340365e+19
3.057898931887347102e+08 1.837607148811649024e+20
5.228970743439336419e+08 4.641414643812492902e+20
7.594850515704934597e+08 1.239253993912778883e+21
1.033207529017439961e+09 3.482605765974119416e+21
1.326493786593961954e+09 9.622635889942755017e+21
1.686016819692763805e+09 2.816997750756871451e+22
2.156611790240525246e+09 8.762186022566609132e+22
2.785027099973204136e+09 2.828818638306157621e+23
3.631840730554710865e+09 9.277193894883358881e+23
4.774619799065342903e+09 3.045057603973427327e+24
6.313090175798807144e+09 9.929175808951942801e+24
8.377681427594372749e+09 3.210390150155088409e+25
1.114132345259098244e+10 1.030342127841697260e+26
1.483465405480315208e+10 3.288709082783041975e+26
1.976567888003018188e+10 1.045866255094220652e+27
2.634562838320434952e+10 3.318360865398410588e+27
3.512330455507685852e+10 1.051390292168667351e+28
4.683086100385056305e+10 3.328482822447075739e+28
6.244486780775997925e+10 1.053224940341242497e+29
1.998576409394907206e+07 6.619849568491600282e+19
1.150235844790921211e+08 2.074991910624693780e+20
3.421247103074661493e+08 6.118800838296679219e+20
6.572241945892105103e+08 1.568758452601721979e+21
9.884781728147323132e+08 4.066334581729125728e+21
1.327594955790391922e+09 1.074842177966940619e+22
1.690566283686611414e+09 2.960023798586003581e+22
2.158567710213824749e+09 8.926200426850863704e+22
2.785605054507936478e+09 2.847512645141527402e+23
3.631905567661770821e+09 9.298661997537012419e+23
4.774537630815461159e+09 3.047552009419197449e+24
6.312991599953450203e+09 9.932118428536246876e+24
8.377603313097318649e+09 3.210743389123521046e+25
1.114126981914419556e+10 1.030385292713628038e+26
1.483461976921655273e+10 3.288762712395361231e+26
1.976565785306788254e+10 1.045873015880370382e+27
2.634561582067318344e+10 3.318369492951207437e+27
3.512329717895580292e+10 1.051391404119218606e+28
4.683085672252292633e+10 3.328484266389190673e+28
6.244486534850327301e+10 1.053225129336513635e+29
8.326776377504086304e+10 3.331785120237501986e+29
